Accuracy: 0.9806

              precision    recall  f1-score   support

           0     1.0000    1.0000    1.0000        36
           1     0.9722    0.9722    0.9722        36
           2     1.0000    1.0000    1.0000        35
           3     1.0000    1.0000    1.0000        37
           4     0.9459    0.9722    0.9589        36
           5     0.9737    1.0000    0.9867        37
           6     0.9730    1.0000    0.9863        36
           7     0.9459    0.9722    0.9589        36
           8     1.0000    0.9429    0.9706        35
           9     1.0000    0.9444    0.9714        36

    accuracy                         0.9806       360
   macro avg     0.9811    0.9804    0.9805       360
weighted avg     0.9810    0.9806    0.9805       360
